OS: Windows-10-10.0.19043-SP0 10.0.19043
Python: 3.10.2
Stable-Baselines3: 1.5.0
PyTorch: 1.12.0+cu113
GPU Enabled: True
Numpy: 1.23.0
Gym: 0.21.0
